1	2
2	3
3	3
4	2
5	2
6	1
7	3
8	3
9	1
10	2
11	3
12	3
13	3
14	1
15	3
16	3
17	3
18	3
19	3
20	2
21	2
22	2
23	2
24	3
25	3
26	2
27	2
28	3
29	2
30	3
31	2
32	1
33	2
34	3
35	3
36	3
37	3
38	3
39	1
40	1
41	1
42	1
43	1
44	1
45	1
46	1
47	1
48	3
49	1
50	1
51	1
52	1
53	1
54	3
55	3
56	3
57	1
58	3
59	1
60	1
61	1
62	1
63	1
64	3
65	3
66	3
67	1
68	1
69	1
70	2
71	2
72	2
73	1
74	1
75	2
76	2
77	3
78	1
79	1
80	1
81	2
82	1
83	2
84	3
85	3
86	3
87	3
88	3
89	2
90	2
91	1
92	1
93	3
94	1
95	1
96	1
97	1
98	1
99	1
100	1
101	1
102	1
103	1
104	1
105	1
106	1
107	1
108	1
109	1
110	1
111	1
112	1
113	1
114	1
115	1
116	1
117	1
118	1
119	1
120	1
121	1
122	1
123	3
124	1
125	1
126	1
127	3
128	1
129	1
130	1
131	1
132	3
133	1
134	3
135	1
136	1
137	3
138	3
139	1
140	1
141	1
142	3
143	1
144	1
145	1
146	1
147	3
148	3
149	3
150	1
151	1
152	3
153	1
154	3
155	1
156	3
157	1
158	1
159	1
160	1
161	1
162	3
163	1
164	1
165	1
166	3
167	3
168	1
169	1
170	3
171	3
172	1
173	3
174	3
175	1
176	3
177	1
178	1
179	1
180	1
181	3
182	3
183	1
184	1
185	1
186	1
187	1
188	1
189	1
190	3
191	3
192	1
193	1
194	1
195	3
196	1
197	1
198	3
199	3
200	1
201	1
202	1
203	1
204	1
205	1
206	1
207	1
208	3
209	1
210	1
211	1
212	1
213	1
214	2
215	1
216	3
217	3
218	3
219	1
220	1
221	1
222	1
223	3
224	1
225	3
226	1
227	3
228	1
229	3
230	1
231	3
232	1
233	1
234	3
235	3
236	1
237	3
238	1
239	1
240	1
241	1
242	1
243	1
244	1
245	1
246	1
247	1
248	1
249	3
250	1
251	1
252	1
253	1
254	1
255	1
256	1
257	1
258	1
259	3
260	1
261	1
262	3
263	3
264	1
265	3
266	1
267	1
268	1
269	1
270	3
271	1
272	1
273	1
274	3
275	3
276	3
277	3
278	3
279	1
280	1
281	1
282	3
283	1
284	1
285	3
286	1
287	1
288	1
289	1
290	3
291	3
292	1
293	3
294	3
295	3
296	3
297	1
298	1
299	3
300	1
301	1
302	1
303	1
304	1
305	1
306	3
307	3
308	3
309	1
310	3
311	1
312	3
313	3
314	3
315	3
316	2
317	3
318	1
319	1
320	1
321	3
322	3
323	1
324	1
325	3
326	1
327	3
328	3
329	3
330	1
331	1
332	1
333	1
334	1
335	3
336	3
337	1
338	3
339	3
340	3
341	3
342	3
343	3
344	3
345	3
346	1
347	3
348	1
349	3
350	3
351	3
352	3
353	1
354	1
355	1
356	3
357	1
358	3
359	3
360	3
361	3
362	3
363	3
364	1
365	3
366	3
367	3
368	3
369	1
370	3
371	3
372	1
373	1
374	3
375	1
376	3
377	1
378	3
379	2
380	1
381	1
382	3
383	2
384	3
385	3
386	1
387	1
388	2
389	1
390	1
391	1
392	1
393	3
394	1
395	1
396	1
397	3
398	3
399	1
400	1
401	2
402	1
403	2
404	3
405	1
406	1
407	1
408	1
409	2
410	1
411	1
412	1
413	1
414	3
415	1
416	1
417	1
418	1
419	1
420	1
421	1
422	1
423	1
424	1
425	3
426	1
427	1
428	1
429	3
430	3
431	1
432	3
433	1
434	3
435	3
436	3
437	3
438	3
439	2
440	1
441	2
442	2
443	2
444	2
445	2
446	3
447	1
448	2
449	2
450	2
451	1
452	1
453	1
454	1
455	1
456	3
457	1
458	1
459	2
460	3
461	1
462	1
463	3
464	1
465	1
466	1
467	1
468	1
469	1
470	2
471	1
472	3
473	2
474	1
475	1
476	1
477	1
478	1
479	1
480	1
481	1
482	1
483	1
484	1
485	1
486	1
487	1
488	1
489	1
490	1
491	1
492	1
493	1
494	1
495	1
496	1
497	1
498	1
499	1
500	1
501	1
502	1
503	1
504	1
505	1
506	1
507	1
508	1
509	1
510	1
511	1
512	1
513	1
514	1
515	1
516	1
517	1
518	1
519	1
520	1
521	1
522	3
523	1
524	1
525	1
526	1
527	1
528	1
529	1
530	1
531	1
532	1
533	1
534	1
535	1
536	1
537	1
538	1
539	1
540	1
541	1
542	1
543	1
544	1
545	1
546	1
547	1
548	1
549	1
550	1
551	1
552	1
553	1
554	1
555	1
556	1
557	1
558	1
559	1
560	1
561	1
562	1
563	1
564	1
565	1
566	1
567	1
568	1
569	1
570	1
571	1
572	1
573	1
574	1
575	1
576	1
577	1
578	1
579	1
580	1
581	1
582	1
583	1
584	1
585	1
586	1
587	1
588	1
589	1
590	1
591	1
592	1
593	1
594	1
595	1
596	1
597	1
598	1
599	1
600	1
601	1
602	1
603	1
604	1
605	1
606	1
607	1
608	1
609	1
610	1
611	1
612	1
613	1
614	1
615	1
616	1
617	1
618	1
619	1
620	1
621	1
622	1
623	1
624	1
625	1
626	1
627	1
628	1
629	1
630	1
631	1
632	1
633	1
634	1
635	1
636	1
637	2
638	1
639	1
640	1
641	1
642	1
643	1
644	1
645	1
646	1
647	1
648	1
649	1
650	1
651	1
652	1
653	1
654	1
655	1
656	1
657	1
658	1
659	1
660	1
661	1
662	1
663	1
664	1
665	1
666	1
667	1
668	1
669	1
670	1
671	1
672	1
673	1
674	1
675	1
676	1
677	1
678	1
679	1
680	1
681	1
682	1
683	1
684	1
685	1
686	1
687	1
688	1
689	1
690	1
691	1
692	1
693	1
694	1
695	1
696	1
697	1
698	1
699	1
700	1
701	1
702	1
703	1
704	1
705	1
706	1
707	1
708	1
709	1
710	1
711	1
712	1
713	1
714	1
715	1
716	1
717	1
718	1
719	1
720	1
721	1
722	1
723	1
724	1
725	1
726	1
727	1
728	1
729	1
730	1
731	1
732	1
733	1
734	1
735	1
736	1
737	1
738	1
739	1
740	1
741	1
742	1
743	1
744	1
745	1
746	1
747	1
748	1
749	1
750	1
751	1
752	1
753	1
754	1
755	1
756	1
757	1
758	1
759	1
760	1
761	1
762	1
763	1
764	1
765	1
766	1
767	1
768	1
769	1
770	1
771	1
772	1
773	1
774	1
775	1
776	1
777	1
778	1
779	1
780	1
781	1
782	1
783	1
784	1
785	1
786	1
787	1
788	1
789	1
790	1
791	1
792	1
793	1
794	1
795	1
796	1
797	1
798	1
799	1
800	1
801	1
802	1
803	1
804	1
805	1
806	1
807	1
808	2
809	1
810	1
811	1
812	1
813	1
814	1
815	1
816	1
817	1
818	1
819	1
820	1
821	1
822	1
823	1
824	1
825	1
826	1
827	1
828	1
829	1
830	1
831	1
832	1
833	1
834	1
835	1
836	1
837	1
838	1
839	1
840	1
841	1
842	1
843	1
844	1
845	1
846	1
847	1
848	1
849	1
850	1
851	1
852	1
853	1
854	1
855	1
856	1
857	1
858	1
859	1
860	1
861	1
862	1
863	1
864	1
865	1
866	1
867	1
868	1
869	1
870	1
871	1
872	1
873	1
874	1
875	1
876	1
877	1
878	1
879	1
880	1
881	1
882	1
883	2
884	1
885	1
886	1
887	1
888	1
889	1
890	1
891	1
892	1
893	1
894	1
895	1
896	1
897	1
898	1
899	1
900	1
901	3
902	1
903	1
904	1
905	3
906	1
907	1
908	1
909	1
910	1
911	1
912	1
913	1
914	1
915	1
916	1
917	1
918	1
919	1
920	1
921	1
922	1
923	1
924	1
925	1
926	1
927	1
928	1
929	1
930	1
931	1
932	1
933	1
934	1
935	1
936	1
937	1
938	1
939	1
940	1
941	1
942	1
943	1
944	1
945	1
946	3
947	1
948	1
949	1
950	1
951	1
952	1
953	1
954	1
955	1
956	1
957	1
958	1
959	1
960	1
961	1
962	1
963	1
964	1
965	1
966	1
967	1
968	1
969	1
970	1
971	1
972	1
973	1
974	1
975	1
976	1
977	1
978	1
979	1
980	1
981	1
982	1
983	1
984	1
985	1
986	1
987	1
988	1
989	1
990	1
991	1
992	1
993	1
994	1
995	1
996	1
997	1
998	1
999	1
1000	3
1001	3
1002	1
1003	1
1004	1
1005	1
1006	1
1007	1
1008	1
1009	1
1010	1
1011	1
1012	1
1013	1
1014	1
1015	1
1016	1
1017	1
1018	1
1019	1
1020	1
1021	1
1022	1
1023	1
1024	1
1025	1
1026	1
1027	1
1028	1
1029	1
1030	1
1031	1
1032	1
1033	1
1034	1
1035	1
1036	1
1037	1
1038	1
1039	1
1040	1
1041	1
1042	1
1043	1
1044	1
1045	1
1046	1
1047	1
1048	1
1049	1
1050	1
1051	1
1052	1
1053	1
1054	1
1055	1
1056	1
1057	1
1058	1
1059	1
1060	1
1061	1
1062	1
1063	1
1064	1
1065	1
1066	1
1067	1
1068	1
1069	1
1070	1
1071	1
1072	1
1073	1
1074	1
1075	1
1076	1
1077	1
1078	1
1079	1
1080	1
1081	1
1082	1
1083	1
1084	1
1085	1
1086	1
1087	1
1088	1
1089	1
1090	1
1091	1
1092	1
1093	1
1094	1
1095	1
1096	1
1097	1
1098	1
1099	1
1100	1
1101	1
1102	1
1103	1
1104	1
1105	1
1106	1
1107	1
1108	1
1109	1
1110	1
1111	1
1112	1
1113	1
1114	1
1115	1
1116	1
1117	1
1118	1
1119	1
1120	1
1121	1
1122	1
1123	1
1124	1
1125	1
1126	1
1127	1
1128	1
1129	1
1130	1
1131	1
1132	1
1133	1
1134	1
1135	1
1136	1
1137	1
1138	1
1139	1
1140	1
1141	1
1142	1
1143	1
1144	1
1145	1
1146	1
1147	1
1148	1
1149	1
1150	1
1151	1
1152	1
1153	1
1154	1
1155	1
1156	1
1157	1
1158	1
1159	1
1160	1
1161	1
1162	1
1163	1
1164	1
1165	1
1166	1
1167	1
1168	1
1169	1
1170	1
1171	1
1172	1
1173	1
1174	1
1175	1
1176	1
1177	1
1178	1
1179	1
1180	1
1181	1
1182	1
1183	1
1184	1
1185	1
1186	1
1187	2
1188	1
1189	1
1190	1
1191	1
1192	1
1193	1
1194	1
1195	1
1196	1
1197	1
1198	1
1199	1
1200	1
1201	1
1202	2
1203	1
1204	1
1205	1
1206	1
1207	1
1208	1
1209	1
1210	1
1211	1
1212	1
1213	1
1214	1
1215	1
1216	1
1217	1
1218	1
1219	1
1220	1
1221	1
1222	1
1223	1
1224	1
1225	1
1226	1
1227	1
1228	1
1229	1
1230	1
1231	1
1232	1
1233	1
1234	1
1235	1
1236	1
1237	1
1238	1
1239	3
1240	2
1241	1
1242	1
1243	1
1244	1
1245	1
1246	1
1247	1
1248	1
1249	3
1250	3
1251	1
1252	1
1253	1
1254	1
1255	3
1256	1
1257	1
1258	1
1259	1
1260	3
1261	1
1262	1
1263	1
1264	1
1265	1
1266	1
1267	1
1268	3
1269	3
1270	3
1271	1
1272	1
1273	3
1274	1
1275	3
1276	3
1277	3
1278	1
1279	3
1280	1
1281	1
1282	1
1283	3
1284	1
1285	1
1286	1
1287	3
1288	2
1289	3
1290	3
1291	3
1292	3
1293	2
1294	2
1295	2
1296	1
1297	3
1298	1
1299	3
1300	3
1301	3
1302	2
1303	1
1304	1
1305	1
1306	1
1307	3
1308	1
1309	1
1310	3
1311	3
1312	1
1313	3
1314	2
1315	2
1316	1
1317	3
1318	3
1319	3
1320	1
1321	1
1322	3
1323	3
1324	1
1325	3
1326	3
1327	1
1328	3
1329	1
1330	3
1331	3
1332	2
1333	3
1334	3
1335	3
1336	3
1337	3
1338	2
1339	3
1340	3
1341	1
1342	2
1343	3
1344	3
1345	1
1346	1
1347	3
1348	1
1349	3
1350	3
1351	1
1352	3
1353	2
1354	3
1355	1
1356	3
1357	1
1358	3
1359	3
1360	3
1361	1
1362	3
1363	1
1364	1
1365	1
1366	3
1367	3
1368	1
1369	3
1370	1
1371	1
1372	1
1373	3
1374	1
1375	3
1376	3
1377	3
1378	3
1379	3
1380	3
1381	3
1382	3
1383	3
1384	1
1385	3
1386	1
1387	1
1388	3
1389	1
1390	1
1391	3
1392	1
1393	1
1394	1
1395	1
1396	3
1397	1
1398	1
1399	1
1400	3
1401	3
1402	3
1403	1
1404	3
1405	3
1406	3
1407	3
1408	1
1409	1
1410	1
1411	3
1412	1
1413	1
1414	1
1415	3
1416	1
1417	1
1418	1
1419	1
1420	3
1421	1
1422	1
1423	3
1424	1
1425	3
1426	3
1427	3
1428	3
1429	3
1430	1
1431	3
1432	3
1433	3
1434	3
1435	1
1436	3
1437	3
1438	3
1439	3
1440	3
1441	1
1442	1
1443	3
1444	3
1445	3
1446	1
1447	1
1448	1
1449	1
1450	3
1451	3
1452	3
1453	3
1454	3
1455	3
1456	3
1457	1
1458	1
1459	1
1460	1
1461	3
1462	3
1463	2
1464	3
1465	3
1466	3
1467	3
1468	3
1469	3
1470	3
1471	3
1472	3
1473	3
1474	1
1475	3
1476	3
1477	1
1478	3
1479	3
1480	3
1481	3
1482	3
1483	3
1484	3
1485	3
1486	1
1487	1
1488	1
1489	3
1490	1
1491	1
1492	1
1493	1
1494	1
1495	1
1496	3
1497	1
1498	3
1499	1
1500	1
1501	1
1502	1
1503	3
1504	1
1505	1
1506	3
1507	3
1508	3
1509	3
1510	3
1511	3
1512	3
1513	3
1514	3
1515	1
1516	3
1517	2
1518	3
1519	3
1520	3
1521	2
1522	3
1523	1
1524	3
1525	1
1526	1
1527	2
1528	2
1529	3
1530	3
1531	3
1532	3
1533	3
1534	3
1535	1
1536	3
1537	3
1538	3
1539	2
1540	2
1541	3
1542	3
1543	3
1544	3
1545	3
1546	1
1547	2
1548	2
1549	1
1550	3
1551	1
1552	1
1553	1
1554	1
1555	3
1556	1
1557	3
1558	1
1559	3
1560	1
1561	1
1562	2
1563	1
1564	2
1565	1
1566	1
1567	1
1568	1
1569	1
1570	2
1571	3
1572	3
1573	2
1574	1
1575	3
1576	1
1577	3
1578	1
1579	3
1580	2
1581	2
1582	1
1583	2
1584	2
1585	1
1586	2
1587	3
1588	1
1589	1
1590	2
1591	2
1592	3
1593	3
1594	3
1595	3
1596	2
1597	2
1598	3
1599	3
1600	3
1601	1
1602	3
1603	3
1604	3
1605	1
1606	1
1607	3
1608	3
1609	3
1610	3
1611	3
1612	3
1613	1
1614	3
1615	1
1616	1
1617	1
1618	1
1619	1
1620	1
1621	1
1622	1
1623	1
1624	3
1625	3
1626	3
1627	3
1628	3
1629	1
1630	1
1631	1
1632	1
1633	1
1634	1
1635	1
1636	1
1637	1
1638	1
1639	3
1640	1
1641	1
1642	1
1643	3
1644	1
1645	1
1646	1
1647	1
1648	1
1649	3
1650	1
1651	1
1652	1
1653	1
1654	1
1655	1
1656	1
1657	1
1658	1
1659	2
1660	1
1661	3
1662	3
1663	2
1664	3
1665	1
1666	3
1667	1
1668	3
1669	3
1670	1
1671	3
1672	2
1673	3
1674	1
1675	2
1676	3
1677	1
1678	3
1679	1
1680	1
1681	1
1682	3
1683	1
1684	1
1685	1
1686	1
1687	3
1688	3
1689	2
1690	1
1691	1
1692	3
1693	2
1694	1
1695	2
1696	3
1697	2
1698	3
1699	2
1700	3
1701	3
1702	2
1703	3
1704	1
1705	1
1706	1
1707	2
1708	3
1709	3
1710	1
1711	2
1712	2
1713	2
1714	2
1715	3
1716	3
1717	3
1718	3
1719	2
1720	3
1721	3
1722	3
1723	2
1724	3
1725	3
1726	3
1727	2
1728	3
1729	3
1730	3
1731	3
1732	2
1733	3
1734	2
1735	3
1736	3
1737	3
1738	3
1739	3
1740	2
1741	3
1742	3
1743	3
1744	3
1745	3
1746	2
1747	3
1748	2
1749	2
1750	3
1751	3
1752	3
1753	3
1754	3
1755	3
1756	3
1757	1
1758	1
1759	1
1760	3
1761	2
1762	3
1763	1
1764	3
1765	1
1766	3
1767	3
1768	3
1769	3
1770	1
1771	2
1772	2
1773	3
1774	1
1775	2
1776	3
1777	1
1778	1
1779	1
1780	3
1781	1
1782	3
1783	2
1784	2
1785	2
1786	3
1787	3
1788	2
1789	3
1790	3
1791	2
1792	1
1793	2
1794	2
1795	3
1796	1
1797	2
1798	1
1799	2
1800	1
1801	3
1802	1
1803	1
1804	1
1805	3
1806	3
1807	2
1808	1
1809	2
1810	1
1811	1
1812	3
1813	2
1814	3
1815	1
1816	3
1817	3
1818	3
1819	3
1820	3
1821	3
1822	3
1823	2
1824	1
1825	3
1826	2
1827	2
1828	2
1829	3
1830	3
1831	3
1832	2
1833	3
1834	2
1835	2
1836	2
1837	2
1838	3
1839	1
1840	1
1841	1
1842	3
1843	3
1844	1
1845	3
1846	1
1847	3
1848	3
1849	3
1850	1
1851	2
1852	1
1853	3
1854	3
1855	2
1856	3
1857	3
1858	3
1859	1
1860	1
1861	3
1862	3
1863	3
1864	3
1865	3
1866	3
1867	2
1868	1
1869	3
1870	3
1871	3
1872	1
1873	1
1874	1
1875	1
1876	3
1877	3
1878	3
1879	3
1880	3
1881	3
1882	2
1883	2
1884	2
1885	3
1886	2
1887	3
1888	3
1889	2
1890	3
1891	3
1892	2
1893	1
1894	1
1895	1
1896	3
1897	3
1898	2
1899	3
1900	1
1901	1
1902	2
1903	1
1904	3
1905	3
1906	2
1907	2
1908	2
1909	3
1910	2
1911	2
1912	1
1913	2
1914	2
1915	2
1916	2
1917	3
1918	3
1919	2
1920	3
1921	2
1922	2
1923	2
1924	2
1925	2
1926	2
1927	2
1928	3
1929	2
1930	3
1931	2
1932	2
1933	3
1934	2
1935	2
1936	2
1937	2
1938	2
1939	2
1940	3
1941	2
1942	2
1943	2
1944	2
1945	2
1946	2
1947	1
1948	3
1949	2
1950	2
1951	3
1952	3
1953	2
1954	2
1955	3
1956	2
1957	2
1958	3
1959	3
1960	2
1961	2
1962	2
1963	2
1964	2
1965	2
1966	3
1967	3
1968	3
1969	2
1970	3
1971	2
1972	2
1973	2
1974	3
1975	2
1976	3
1977	3
1978	3
1979	3
1980	3
1981	2
1982	2
1983	2
1984	2
1985	2
1986	3
1987	2
1988	3
1989	2
1990	2
1991	3
1992	1
1993	1
1994	2
1995	2
1996	3
1997	1
1998	3
1999	2
2000	3
2001	3
2002	2
2003	3
2004	2
2005	3
2006	1
2007	1
2008	1
2009	1
2010	3
2011	3
2012	1
2013	3
2014	1
2015	2
2016	3
2017	3
2018	3
2019	3
2020	2
2021	2
2022	2
2023	2
2024	3
2025	1
2026	2
2027	1
2028	1
2029	2
2030	2
2031	3
2032	1
2033	1
2034	2
2035	3
2036	1
2037	3
2038	3
2039	2
2040	2
2041	1
2042	3
2043	2
2044	1
2045	1
2046	2
2047	1
2048	1
2049	1
2050	1
2051	1
2052	1
2053	1
2054	1
2055	1
2056	1
2057	1
2058	1
2059	1
2060	1
2061	3
2062	1
2063	1
2064	1
2065	2
2066	1
2067	2
2068	2
2069	3
2070	3
2071	1
2072	2
2073	2
2074	2
2075	3
2076	3
2077	3
2078	2
2079	3
2080	1
2081	2
2082	1
2083	3
2084	3
2085	1
2086	1
2087	1
2088	1
2089	2
2090	2
2091	1
2092	1
2093	1
2094	1
2095	3
2096	1
2097	1
2098	2
2099	1
2100	1
2101	1
2102	1
2103	1
2104	1
2105	1
2106	1
2107	1
2108	1
2109	1
2110	1
2111	1
2112	3
2113	1
2114	1
2115	1
2116	1
2117	1
2118	1
2119	3
2120	2
2121	1
2122	1
2123	1
2124	1
2125	1
2126	1
2127	3
2128	3
2129	1
2130	3
2131	1
2132	2
2133	2
2134	2
2135	1
2136	1
2137	1
2138	1
2139	1
2140	1
2141	2
2142	3
2143	3
2144	1
2145	1
2146	1
2147	3
2148	3
2149	1
2150	2
2151	1
2152	1
2153	3
2154	1
2155	3
2156	3
2157	3
2158	3
2159	1
2160	3
2161	3
2162	1
2163	3
2164	3
2165	3
2166	1
2167	1
2168	1
2169	1
2170	3
2171	1
2172	1
2173	1
2174	1
2175	1
2176	3
2177	1
2178	1
2179	1
2180	1
2181	1
2182	1
2183	1
2184	1
2185	1
2186	1
2187	1
2188	1
2189	1
2190	1
2191	1
2192	1
2193	1
2194	2
2195	2
2196	1
2197	1
2198	3
2199	3
2200	1
2201	1
2202	1
2203	1
2204	2
2205	3
2206	3
2207	3
2208	1
2209	1
2210	1
2211	2
2212	1
2213	2
2214	2
2215	2
2216	3
2217	2
2218	1
2219	2
2220	2
2221	2
2222	1
2223	2
2224	2
2225	1
2226	2
2227	1
2228	1
2229	2
2230	1
2231	2
2232	2
2233	2
2234	1
2235	1
2236	2
2237	2
2238	1
2239	1
2240	1
2241	1
2242	1
2243	1
2244	1
2245	3
2246	3
2247	3
2248	1
2249	3
2250	3
2251	2
2252	1
2253	3
2254	2
2255	3
2256	2
2257	2
2258	2
2259	2
2260	2
2261	2
2262	3
2263	2
2264	2
2265	3
2266	3
2267	2
2268	3
2269	1
2270	2
2271	2
2272	1
2273	2
2274	2
2275	2
2276	2
2277	2
2278	1
2279	1
2280	3
2281	2
2282	3
2283	3
2284	2
2285	1
2286	1
2287	2
2288	2
2289	2
2290	1
2291	2
2292	1
2293	2
2294	2
2295	1
2296	2
2297	3
2298	2
2299	1
2300	3
2301	2
2302	1
2303	1
2304	2
2305	2
2306	3
2307	2
2308	2
2309	1
2310	2
2311	1
2312	2
2313	3
2314	3
2315	3
2316	3
2317	2
2318	2
2319	1
2320	2
2321	1
2322	3
2323	1
2324	1
2325	3
2326	2
2327	2
2328	2
2329	3
2330	3
2331	1
2332	1
2333	1
2334	1
2335	1
2336	1
2337	1
2338	1
2339	1
2340	1
2341	1
2342	1
2343	1
2344	1
2345	1
2346	1
2347	1
2348	1
2349	1
2350	1
2351	1
2352	1
2353	1
2354	1
2355	1
2356	1
2357	1
2358	1
2359	1
2360	1
2361	1
2362	1
2363	1
2364	1
2365	1
2366	1
2367	1
2368	1
2369	1
2370	1
2371	3
2372	1
2373	1
2374	1
2375	1
2376	1
2377	1
2378	3
2379	1
2380	1
2381	1
2382	1
2383	1
2384	1
2385	3
2386	1
2387	2
2388	1
2389	1
2390	1
2391	1
2392	1
2393	1
2394	1
2395	3
2396	1
2397	1
2398	1
2399	1
2400	1
2401	1
2402	1
2403	3
2404	1
2405	1
2406	1
2407	1
2408	3
2409	3
2410	3
2411	1
2412	1
2413	3
2414	1
2415	1
2416	3
2417	1
2418	1
2419	1
2420	3
2421	2
2422	1
2423	1
2424	1
2425	3
2426	3
2427	3
2428	1
2429	1
2430	1
2431	1
2432	1
2433	1
2434	1
2435	2
2436	1
2437	3
2438	1
2439	1
2440	1
2441	1
2442	1
2443	1
2444	1
2445	1
2446	1
2447	1
2448	1
2449	1
2450	1
2451	3
2452	1
2453	1
2454	1
2455	1
2456	3
2457	1
2458	1
2459	1
2460	3
2461	1
2462	1
2463	1
2464	1
2465	1
2466	1
2467	3
2468	1
2469	1
2470	3
2471	1
2472	1
2473	1
2474	1
2475	2
2476	1
2477	1
2478	3
2479	3
2480	3
2481	3
2482	1
2483	3
2484	1
2485	1
2486	3
2487	1
2488	3
2489	3
2490	3
2491	3
2492	1
2493	2
2494	1
2495	3
2496	2
2497	1
2498	1
2499	1
2500	1
2501	1
2502	1
2503	1
2504	1
2505	1
2506	1
2507	1
2508	1
2509	1
2510	1
2511	1
2512	1
2513	1
2514	3
2515	1
2516	1
2517	1
2518	1
2519	1
2520	1
2521	1
2522	3
2523	1
2524	1
2525	1
2526	1
2527	1
2528	1
2529	1
2530	1
2531	1
2532	1
2533	1
2534	3
2535	1
2536	3
2537	3
2538	1
2539	1
2540	1
2541	1
2542	1
2543	1
2544	3
2545	3
2546	3
2547	3
2548	3
2549	1
2550	3
2551	3
2552	1
2553	3
2554	1
2555	1
2556	3
2557	1
2558	3
2559	3
2560	1
2561	3
2562	1
2563	1
2564	1
2565	3
2566	3
2567	1
2568	1
2569	1
2570	1
2571	1
2572	3
2573	3
2574	3
2575	1
2576	1
2577	1
2578	1
2579	1
2580	1
2581	1
2582	1
2583	1
2584	1
2585	1
2586	1
2587	1
2588	1
2589	1
2590	1
2591	1
2592	1
2593	3
2594	3
2595	1
2596	1
2597	1
2598	1
2599	3
2600	1
2601	3
2602	3
2603	1
2604	3
2605	1
2606	3
2607	3
2608	3
2609	3
2610	3
2611	1
2612	2
2613	1
2614	1
2615	3
2616	3
2617	3
2618	3
2619	3
2620	2
2621	1
2622	3
2623	3
2624	1
2625	1
2626	1
2627	3
2628	1
2629	3
2630	3
2631	3
2632	1
2633	1
2634	3
2635	1
2636	1
2637	1
2638	1
2639	1
2640	1
2641	1
2642	1
2643	1
2644	1
2645	3
2646	3
2647	1
2648	1
2649	1
2650	1
2651	1
2652	1
2653	1
2654	1
2655	1
2656	1
2657	1
2658	1
2659	1
2660	1
2661	1
2662	1
2663	1
2664	1
2665	3
2666	1
2667	1
2668	1
2669	1
2670	1
2671	1
2672	1
2673	1
2674	1
2675	1
2676	1
2677	1
2678	1
2679	1
2680	1
2681	1
2682	1
2683	1
2684	1
2685	1
2686	1
2687	1
2688	1
2689	1
2690	1
2691	1
2692	1
2693	1
2694	1
2695	1
2696	1
2697	1
2698	1
2699	1
2700	1
2701	1
2702	1
2703	1
2704	1
2705	3
2706	1
2707	1
2708	1
2709	3
2710	1
2711	1
2712	1
2713	1
2714	1
2715	2
2716	1
2717	1
2718	1
2719	1
2720	1
2721	1
2722	1
2723	1
2724	1
2725	1
2726	1
2727	1
2728	2
2729	1
2730	1
2731	1
2732	1
2733	1
2734	1
2735	3
2736	1
2737	1
2738	1
2739	1
2740	1
2741	1
2742	1
2743	1
2744	1
2745	1
2746	1
2747	1
2748	1
2749	1
2750	3
2751	3
2752	1
2753	1
2754	1
2755	1
2756	1
2757	1
2758	1
2759	1
2760	1
2761	1
2762	1
2763	1
2764	1
2765	1
2766	1
2767	1
2768	1
2769	1
2770	1
2771	1
2772	1
2773	1
2774	1
2775	1
2776	1
2777	1
2778	1
2779	3
2780	3
2781	2
2782	3
2783	3
2784	1
2785	1
2786	1
2787	1
2788	3
2789	2
2790	3
2791	2
2792	1
2793	3
2794	3
2795	3
2796	1
2797	1
2798	1
2799	1
2800	1
2801	1
2802	1
2803	1
2804	1
2805	1
2806	1
2807	1
2808	1
2809	1
2810	1
2811	1
2812	1
2813	1
2814	1
2815	1
2816	1
2817	1
2818	1
2819	1
2820	1
2821	1
2822	2
2823	3
2824	1
2825	3
2826	3
2827	2
2828	2
2829	3
2830	1
2831	1
2832	1
2833	1
2834	3
2835	1
2836	1
2837	3
2838	3
2839	3
2840	3
2841	1
2842	3
2843	2
2844	3
2845	1
2846	3
2847	2
2848	2
2849	2
2850	1
2851	1
2852	1
2853	1
2854	3
2855	1
2856	1
2857	1
2858	1
2859	1
2860	1
2861	1
2862	1
2863	1
2864	1
2865	1
2866	1
2867	1
2868	1
2869	1
2870	1
2871	1
2872	3
2873	2
2874	2
2875	1
2876	3
2877	1
2878	1
2879	1
2880	1
2881	1
2882	1
2883	1
2884	1
2885	1
2886	2
2887	1
2888	3
2889	3
2890	3
2891	3
2892	1
2893	3
2894	3
2895	3
2896	3
2897	3
2898	3
2899	1
2900	1
2901	1
2902	1
2903	1
2904	1
2905	1
2906	1
2907	1
2908	1
2909	1
2910	1
2911	1
2912	1
2913	1
2914	1
2915	1
2916	1
2917	1
2918	1
2919	1
2920	1
2921	1
2922	1
2923	1
2924	1
2925	1
2926	1
2927	1
2928	1
2929	1
2930	1
2931	1
2932	1
2933	1
2934	1
2935	1
2936	1
2937	1
2938	1
2939	1
2940	3
2941	3
2942	3
2943	3
2944	2
2945	2
2946	2
2947	2
2948	2
2949	2
2950	2
2951	2
2952	2
2953	1
2954	2
2955	2
2956	2
2957	2
2958	2
2959	2
2960	2
2961	2
2962	1
2963	1
2964	1
2965	2
2966	2
2967	1
2968	1
2969	2
2970	2
2971	2
2972	2
2973	2
2974	2
2975	2
2976	2
2977	2
2978	2
2979	2
2980	2
2981	2
2982	2
2983	2
2984	2
2985	2
2986	2
2987	2
2988	2
2989	2
2990	2
2991	2
2992	2
2993	2
2994	2
2995	2
2996	2
2997	2
2998	2
2999	2
3000	2
3001	2
3002	2
3003	1
3004	2
3005	1
3006	2
3007	2
3008	2
3009	2
3010	2
3011	1
3012	1
3013	1
3014	2
3015	2
3016	2
3017	2
3018	1
3019	1
3020	1
3021	1
3022	2
3023	1
3024	1
3025	2
3026	1
3027	2
3028	2
3029	2
3030	2
3031	1
3032	3
3033	3
3034	1
3035	1
3036	1
3037	3
3038	3
3039	1
3040	3
3041	2
3042	1
3043	3
3044	3
3045	3
3046	3
3047	3
3048	1
3049	1
3050	1
3051	1
3052	1
3053	1
3054	3
3055	1
3056	1
3057	1
3058	1
3059	1
3060	1
3061	1
3062	1
3063	2
3064	2
3065	1
3066	3
3067	1
3068	1
3069	1
3070	1
3071	1
3072	2
3073	1
3074	1
3075	1
3076	2
3077	2
3078	3
3079	2
3080	2
3081	2
3082	1
3083	1
3084	1
3085	1
3086	1
3087	1
3088	1
3089	1
3090	1
3091	1
3092	1
3093	2
3094	2
3095	2
3096	2
3097	2
3098	2
3099	2
3100	2
3101	2
3102	1
3103	1
3104	1
3105	1
3106	3
3107	2
3108	2
3109	1
3110	1
3111	1
3112	1
3113	1
3114	2
3115	2
3116	1
3117	1
3118	1
3119	2
3120	2
3121	2
3122	2
3123	2
3124	1
3125	1
3126	1
3127	1
3128	1
3129	1
3130	1
3131	1
3132	1
3133	1
3134	1
3135	1
3136	1
3137	3
3138	3
3139	1
3140	2
3141	1
3142	2
3143	2
3144	1
3145	2
3146	2
3147	1
3148	2
3149	1
3150	2
3151	2
3152	2
3153	2
3154	2
3155	1
3156	2
3157	2
3158	1
3159	2
3160	2
3161	2
3162	2
3163	1
3164	1
3165	1
3166	1
3167	1
3168	1
3169	1
3170	2
3171	2
3172	2
3173	2
3174	1
3175	1
3176	1
3177	2
3178	2
3179	1
3180	2
3181	1
3182	2
3183	2
3184	1
3185	2
3186	2
3187	2
3188	2
3189	2
3190	2
3191	1
3192	1
3193	1
3194	1
3195	1
3196	1
3197	1
3198	1
3199	3
3200	1
3201	1
3202	1
3203	1
3204	1
3205	1
3206	1
3207	1
3208	1
3209	1
3210	1
3211	3
3212	3
3213	3
3214	3
3215	3
3216	3
3217	3
3218	3
3219	1
3220	3
3221	2
3222	1
3223	1
3224	1
3225	1
3226	1
3227	1
3228	1
3229	1
3230	1
3231	1
3232	1
3233	1
3234	1
3235	1
3236	1
3237	1
3238	1
3239	1
3240	1
3241	1
3242	1
3243	1
3244	2
3245	2
3246	2
3247	2
3248	2
3249	2
3250	2
3251	2
3252	2
3253	2
3254	2
3255	2
3256	2
3257	2
3258	2
3259	1
3260	1
3261	2
3262	2
3263	3
3264	1
3265	1
3266	1
3267	1
3268	1
3269	1
3270	1
3271	1
3272	1
3273	1
3274	1
3275	1
3276	1
3277	1
3278	1
3279	1
3280	1
3281	1
3282	1
3283	1
3284	1
3285	1
3286	1
3287	1
3288	1
3289	2
3290	2
3291	2
3292	2
3293	1
3294	1
3295	1
3296	1
3297	1
3298	1
3299	1
3300	1
3301	1
3302	1
3303	1
3304	1
3305	1
3306	1
3307	1
3308	1
3309	1
3310	1
3311	1
3312	1
3313	1
3314	1
3315	1
3316	1
3317	1
3318	1
3319	1
3320	1
3321	1
3322	1
3323	1
3324	1
3325	1
3326	1
3327	1
3328	1
3329	1
3330	1
3331	1
3332	1
3333	1
3334	2
3335	1
3336	1
3337	1
3338	2
3339	3
3340	3
3341	3
3342	3
3343	1
3344	3
3345	3
3346	3
3347	1
3348	1
3349	2
3350	2
3351	2
3352	2
3353	1
3354	2
3355	2
3356	2
3357	2
3358	2
3359	2
3360	2
3361	2
3362	2
3363	2
3364	2
3365	2
3366	1
3367	1
3368	2
3369	1
3370	2
3371	2
3372	2
3373	2
3374	2
3375	2
3376	2
3377	2
3378	2
3379	1
3380	2
3381	2
3382	2
3383	1
3384	2
3385	1
3386	1
3387	1
3388	1
3389	1
3390	1
3391	1
3392	1
3393	1
3394	1
3395	1
3396	1
3397	1
3398	1
3399	1
3400	2
3401	1
3402	1
3403	2
3404	2
3405	2
3406	2
3407	2
3408	1
3409	2
3410	2
3411	1
3412	3
3413	2
3414	2
3415	2
3416	2
3417	2
3418	2
3419	2
3420	3
3421	2
3422	2
3423	2
3424	2
3425	2
3426	2
3427	2
3428	2
3429	2
3430	2
3431	2
3432	2
3433	2
3434	2
3435	2
3436	2
3437	2
3438	2
3439	2
3440	2
3441	2
3442	2
3443	2
3444	2
3445	2
3446	2
3447	2
3448	2
3449	2
3450	2
3451	2
3452	2
3453	2
3454	2
3455	2
3456	2
3457	2
3458	2
3459	2
3460	2
3461	2
3462	2
3463	2
3464	2
3465	2
3466	2
3467	2
3468	2
3469	1
3470	1
3471	1
3472	1
3473	2
3474	2
3475	2
3476	2
3477	1
3478	1
3479	2
3480	2
3481	2
3482	1
3483	1
3484	1
3485	2
3486	2
3487	2
3488	2
3489	2
3490	2
3491	2
3492	2
3493	2
3494	2
3495	1
3496	2
3497	2
3498	1
3499	1
3500	2
3501	2
3502	2
3503	2
3504	2
3505	2
3506	2
3507	2
3508	2
3509	2
3510	2
3511	2
3512	2
3513	2
3514	2
3515	2
3516	2
3517	2
3518	2
3519	2
3520	1
3521	1
3522	2
3523	2
3524	2
3525	2
3526	2
3527	2
3528	2
3529	2
3530	2
3531	2
3532	2
3533	2
3534	2
3535	2
3536	1
3537	1
3538	2
3539	2
3540	1
3541	2
3542	1
3543	2
3544	1
3545	1
3546	1
3547	1
3548	1
3549	1
3550	1
3551	1
3552	1
3553	2
3554	2
3555	2
3556	2
3557	2
3558	2
3559	2
3560	2
3561	2
3562	1
3563	2
3564	1
3565	1
3566	1
3567	1
3568	1
3569	1
3570	2
3571	1
3572	1
3573	1
3574	1
3575	1
3576	1
3577	1
3578	1
3579	1
3580	1
3581	1
3582	1
3583	1
3584	1
3585	1
3586	1
3587	1
3588	1
3589	1
3590	1
3591	1
3592	1
3593	1
3594	1
3595	1
3596	3
3597	1
3598	1
3599	1
3600	1
3601	1
3602	1
3603	1
3604	2
3605	2
3606	2
3607	2
3608	2
3609	2
3610	2
3611	2
3612	2
3613	2
3614	2
3615	2
3616	2
3617	2
3618	2
3619	2
3620	2
3621	2
3622	1
3623	1
3624	1
3625	1
3626	1
3627	1
3628	1
3629	1
3630	1
3631	1
3632	1
3633	1
3634	3
3635	3
3636	1
3637	2
3638	1
3639	1
3640	1
3641	1
3642	1
3643	1
3644	1
3645	1
3646	1
3647	1
3648	1
3649	2
3650	2
3651	3
3652	2
3653	1
3654	2
3655	2
3656	2
3657	2
3658	2
3659	1
3660	1
3661	1
3662	1
3663	1
3664	1
3665	1
3666	1
3667	1
3668	2
3669	2
3670	3
3671	1
3672	1
3673	1
3674	1
3675	1
3676	1
3677	1
3678	2
3679	3
3680	3
3681	2
3682	2
3683	2
3684	1
3685	1
3686	1
3687	1
3688	1
3689	1
3690	1
3691	1
3692	1
3693	1
3694	2
3695	3
3696	1
3697	3
3698	2
3699	3
3700	3
3701	1
3702	3
3703	2
3704	2
3705	2
3706	3
3707	3
3708	3
3709	3
3710	3
3711	1
3712	1
3713	1
3714	2
3715	1
3716	1
3717	1
3718	1
3719	1
3720	1
3721	3
3722	3
3723	1
3724	3
3725	3
3726	3
3727	3
3728	3
3729	1
3730	3
3731	3
3732	3
3733	3
3734	3
3735	2
3736	3
3737	3
3738	2
3739	2
3740	3
3741	2
3742	3
3743	3
3744	3
3745	2
3746	2
3747	3
3748	2
3749	2
3750	3
3751	2
3752	2
3753	3
3754	3
3755	3
3756	3
3757	2
3758	3
3759	3
3760	2
3761	2
3762	2
3763	1
3764	3
3765	3
3766	3
3767	3
3768	3
3769	3
3770	2
3771	3
3772	3
3773	3
3774	2
3775	3
3776	3
3777	3
3778	3
3779	2
3780	2
3781	3
3782	3
3783	2
3784	2
3785	2
3786	2
3787	2
3788	1
3789	3
3790	3
3791	1
3792	1
3793	1
3794	3
3795	1
3796	3
3797	2
3798	2
3799	3
3800	2
3801	2
3802	1
3803	3
3804	1
3805	3
3806	3
3807	1
3808	1
3809	1
3810	1
3811	1
3812	1
3813	1
3814	1
3815	1
3816	1
3817	1
3818	1
3819	1
3820	1
3821	1
3822	1
3823	1
3824	1
3825	1
3826	1
3827	1
3828	1
3829	1
3830	1
3831	1
3832	1
3833	1
3834	1
3835	1
3836	3
3837	2
3838	2
3839	2
3840	2
3841	2
3842	2
3843	2
3844	2
3845	2
3846	2
3847	2
3848	2
3849	2
3850	2
3851	2
3852	2
3853	2
3854	2
3855	1
3856	1
3857	1
3858	1
3859	1
3860	1
3861	1
3862	1
3863	2
3864	1
3865	2
3866	1
3867	1
3868	1
3869	1
3870	1
3871	1
3872	1
3873	1
3874	2
3875	2
3876	2
3877	2
3878	3
3879	3
3880	3
3881	2
3882	2
3883	2
3884	3
3885	1
3886	1
3887	1
3888	1
3889	1
3890	1
3891	1
3892	1
3893	1
3894	1
3895	1
3896	1
3897	1
3898	1
3899	1
3900	1
3901	1
3902	1
3903	1
3904	1
3905	1
3906	1
3907	1
3908	1
3909	1
3910	1
3911	1
3912	1
3913	1
3914	1
3915	1
3916	1
3917	1
3918	1
3919	1
3920	1
3921	1
3922	1
3923	1
3924	1
3925	1
3926	1
3927	1
3928	1
3929	1
3930	1
3931	1
3932	1
3933	1
3934	1
3935	1
3936	1
3937	1
3938	1
3939	1
3940	1
3941	1
3942	1
3943	1
3944	1
3945	1
3946	1
3947	1
3948	3
3949	1
3950	3
3951	1
3952	1
3953	1
3954	1
3955	1
3956	1
3957	1
3958	1
3959	1
3960	1
3961	1
3962	1
3963	1
3964	1
3965	1
3966	1
3967	1
3968	1
3969	1
3970	1
3971	1
3972	1
3973	1
3974	1
3975	1
3976	1
3977	1
3978	1
3979	1
3980	1
3981	1
3982	1
3983	1
3984	1
3985	1
3986	1
3987	1
3988	1
3989	1
3990	1
3991	1
3992	1
3993	1
3994	1
3995	1
3996	1
3997	1
3998	1
3999	1
4000	1
4001	1
4002	1
4003	1
4004	1
4005	1
4006	1
4007	1
4008	1
4009	1
4010	1
4011	1
4012	1
4013	1
4014	1
4015	1
4016	1
4017	1
4018	1
4019	1
4020	1
4021	1
4022	1
4023	1
4024	1
4025	1
4026	1
4027	1
4028	1
4029	1
4030	1
4031	1
4032	1
4033	1
4034	1
4035	1
4036	1
4037	1
4038	1
4039	1
4040	1
4041	1
4042	1
4043	1
4044	1
4045	1
4046	1
4047	1
4048	1
4049	1
4050	1
4051	1
4052	1
4053	1
4054	1
4055	1
4056	1
4057	1
4058	1
4059	1
4060	1
4061	1
4062	1
4063	1
4064	1
4065	1
4066	1
4067	1
4068	1
4069	1
4070	1
4071	1
4072	1
4073	1
4074	1
4075	1
4076	1
4077	1
4078	1
4079	1
4080	1
4081	1
4082	1
4083	1
4084	1
4085	1
4086	1
4087	1
4088	1
4089	1
4090	1
4091	1
4092	3
4093	2
4094	2
4095	2
4096	1
4097	1
4098	2
4099	2
4100	2
4101	1
4102	1
4103	1
4104	1
4105	2
4106	2
4107	1
4108	1
4109	1
4110	1
4111	1
4112	3
4113	2
4114	1
4115	2
4116	2
4117	1
4118	1
4119	1
4120	2
4121	1
4122	1
4123	2
4124	1
4125	1
4126	1
4127	1
4128	1
4129	1
4130	1
4131	1
4132	1
4133	1
4134	1
4135	1
4136	1
4137	1
4138	1
4139	1
4140	1
4141	1
4142	1
4143	1
4144	3
4145	1
4146	3
4147	3
4148	3
4149	3
4150	3
4151	3
4152	3
4153	2
4154	1
4155	1
4156	1
4157	1
4158	1
4159	1
4160	1
4161	1
4162	1
4163	1
4164	1
4165	1
4166	1
4167	1
4168	2
4169	2
4170	1
4171	1
4172	1
4173	1
4174	2
4175	2
4176	2
4177	2
4178	2
4179	1
4180	2
4181	1
4182	2
4183	2
4184	2
4185	1
4186	1
4187	1
4188	1
4189	1
4190	1
4191	1
4192	1
4193	2
4194	2
4195	2
4196	2
4197	2
4198	2
4199	2
4200	1
4201	2
4202	1
4203	1
4204	2
4205	2
4206	1
4207	1
4208	1
4209	2
4210	2
4211	2
4212	2
4213	1
4214	2
4215	1
4216	1
4217	1
4218	1
4219	2
4220	2
4221	2
4222	2
4223	2
4224	2
4225	3
4226	2
4227	1
4228	1
4229	3
4230	1
4231	2
4232	1
4233	2
4234	2
4235	2
4236	2
4237	2
4238	2
4239	2
4240	2
4241	1
4242	2
4243	2
4244	2
4245	1
4246	2
4247	2
4248	1
4249	2
4250	2
4251	2
4252	2
4253	1
4254	2
4255	1
4256	2
4257	2
4258	2
4259	2
4260	1
4261	1
4262	2
4263	2
4264	2
4265	2
4266	2
4267	2
4268	1
4269	1
4270	1
4271	1
4272	1
4273	1
4274	1
4275	1
4276	1
4277	1
4278	1
4279	1
4280	2
4281	1
4282	1
4283	1
4284	1
4285	1
4286	1
4287	1
4288	2
4289	3
4290	3
4291	1
4292	1
4293	1
4294	1
4295	1
4296	1
4297	1
4298	1
4299	1
4300	1
4301	1
4302	1
4303	1
4304	1
4305	1
4306	1
4307	1
4308	1
4309	1
4310	1
4311	1
4312	1
4313	1
4314	1
4315	1
4316	1
4317	1
4318	1
4319	3
4320	3
4321	3
4322	3
4323	1
4324	1
4325	3
4326	3
4327	1
4328	2
4329	1
4330	2
4331	2
4332	2
4333	1
4334	1
4335	1
4336	2
4337	2
4338	1
4339	2
4340	2
4341	2
4342	2
4343	2
4344	2
4345	2
4346	2
4347	2
4348	2
4349	2
4350	2
4351	2
4352	1
4353	1
4354	1
4355	2
4356	2
4357	2
4358	1
4359	2
4360	2
4361	2
4362	2
4363	2
4364	1
4365	2
4366	2
4367	2
4368	2
4369	2
4370	2
4371	2
4372	1
4373	2
4374	2
4375	2
4376	2
4377	1
4378	1
4379	2
4380	2
4381	2
4382	1
4383	2
4384	1
4385	1
4386	2
4387	2
4388	2
4389	1
4390	1
4391	1
4392	1
4393	1
4394	1
4395	1
4396	1
4397	1
4398	1
4399	2
4400	2
4401	1
4402	2
4403	2
4404	2
4405	1
4406	2
4407	2
4408	2
4409	2
4410	2
4411	2
4412	2
4413	1
4414	1
4415	1
4416	1
4417	1
4418	1
4419	1
4420	1
4421	1
4422	1
4423	1
4424	1
4425	1
4426	1
4427	1
4428	1
4429	1
4430	1
4431	1
4432	1
4433	1
4434	1
4435	1
4436	1
4437	1
4438	1
4439	1
4440	1
4441	1
4442	1
4443	1
4444	1
4445	1
4446	1
4447	1
4448	1
4449	1
4450	1
4451	1
4452	1
4453	1
4454	1
4455	2
4456	1
4457	1
4458	1
4459	2
4460	1
4461	1
4462	1
4463	1
4464	1
4465	1
4466	1
4467	1
4468	1
4469	1
4470	1
4471	1
4472	1
4473	1
4474	1
4475	1
4476	1
4477	1
4478	1
4479	1
4480	1
4481	1
4482	1
4483	1
4484	1
4485	1
4486	1
4487	1
4488	1
4489	1
4490	1
4491	1
4492	1
4493	1
4494	1
4495	1
4496	1
4497	1
4498	1
4499	1
4500	1
4501	1
4502	1
4503	1
4504	1
4505	1
4506	1
4507	1
4508	1
4509	1
4510	1
4511	1
4512	1
4513	1
4514	1
4515	1
4516	1
4517	1
4518	1
4519	1
4520	1
4521	1
4522	1
4523	1
4524	1
4525	1
4526	1
4527	1
4528	1
4529	1
4530	1
4531	1
4532	1
4533	1
4534	1
4535	1
4536	1
4537	1
4538	1
4539	1
4540	1
4541	1
4542	1
4543	1
4544	1
4545	1
4546	1
4547	1
4548	1
4549	1
4550	1
4551	1
4552	1
4553	1
4554	1
4555	1
4556	1
4557	1
4558	1
4559	1
4560	1
4561	1
4562	1
4563	1
4564	1
4565	1
4566	1
4567	1
4568	1
4569	1
4570	1
4571	1
4572	1
4573	1
4574	1
4575	1
4576	1
4577	1
4578	1
4579	1
4580	1
4581	1
4582	1
4583	1
4584	1
4585	1
4586	1
4587	1
4588	1
4589	1
4590	1
4591	1
4592	1
4593	1
4594	1
4595	1
4596	1
4597	1
4598	1
4599	1
4600	1
4601	1
4602	1
4603	1
4604	1
4605	1
4606	1
4607	1
4608	1
4609	1
4610	1
4611	1
4612	1
4613	1
4614	1
4615	1
4616	1
4617	1
4618	1
4619	1
4620	1
4621	1
4622	1
4623	1
4624	1
4625	1
4626	1
4627	1
4628	1
4629	1
4630	1
4631	1
4632	1
4633	1
4634	1
4635	1
4636	1
4637	1
4638	1
4639	1
4640	1
4641	1
4642	1
4643	1
4644	1
4645	1
4646	1
4647	1
4648	1
4649	1
4650	1
4651	1
4652	1
4653	1
4654	1
4655	1
4656	1
4657	1
4658	1
4659	1
4660	1
4661	1
4662	1
4663	1
4664	1
4665	1
4666	1
4667	1
4668	3
4669	1
4670	3
4671	2
4672	1
4673	3
4674	1
4675	3
4676	1
4677	1
4678	1
4679	3
4680	1
4681	1
4682	1
4683	1
4684	1
4685	1
4686	1
4687	1
4688	1
4689	1
4690	1
4691	1
4692	1
4693	1
4694	1
4695	1
4696	1
4697	1
4698	1
4699	1
4700	1
4701	1
4702	1
4703	1
4704	1
4705	3
4706	1
4707	1
4708	1
4709	1
4710	1
4711	1
4712	1
4713	1
4714	1
4715	1
4716	1
4717	1
4718	1
4719	3
4720	3
4721	3
4722	1
4723	1
4724	1
4725	1
4726	1
4727	1
4728	1
4729	1
4730	1
4731	1
4732	1
4733	1
4734	1
4735	1
4736	1
4737	1
4738	1
4739	1
4740	1
4741	1
4742	1
4743	1
4744	1
4745	1
4746	1
4747	1
4748	1
4749	1
4750	1
4751	1
4752	1
4753	1
4754	1
4755	1
4756	1
4757	1
4758	1
4759	1
4760	1
4761	1
4762	1
4763	1
4764	1
4765	1
4766	1
4767	1
4768	3
4769	3
4770	3
4771	1
4772	1
4773	1
4774	1
4775	1
4776	1
4777	1
4778	1
4779	1
4780	1
4781	1
4782	1
4783	1
4784	1
4785	1
4786	1
4787	1
4788	1
4789	1
4790	1
4791	1
4792	1
4793	1
4794	1
4795	1
4796	1
4797	1
4798	1
4799	1
4800	1
4801	1
4802	1
4803	1
4804	1
4805	1
4806	1
4807	1
4808	2
4809	3
4810	3
4811	3
4812	1
4813	1
4814	1
4815	1
4816	2
4817	2
4818	2
4819	3
4820	3
4821	3
4822	3
4823	3
4824	3
4825	3
4826	3
4827	3
4828	1
4829	3
4830	3
4831	3
4832	3
4833	3
4834	3
4835	3
4836	2
4837	2
4838	3
4839	1
4840	2
4841	3
4842	3
4843	3
4844	2
4845	3
4846	3
4847	3
4848	3
4849	3
4850	3
4851	3
4852	3
4853	3
4854	3
4855	1
4856	1
4857	1
4858	1
4859	1
4860	1
4861	2
4862	2
4863	2
4864	2
4865	2
4866	2
4867	2
4868	2
4869	1
4870	2
4871	2
4872	2
4873	2
4874	2
4875	2
4876	2
4877	2
4878	1
4879	2
4880	2
4881	2
4882	2
4883	2
4884	2
4885	2
4886	2
4887	2
4888	2
4889	1
4890	2
4891	1
4892	2
4893	2
4894	2
4895	1
4896	2
4897	2
4898	2
4899	2
4900	2
4901	2
4902	1
4903	1
4904	2
4905	2
4906	1
4907	2
4908	2
4909	2
4910	2
4911	2
4912	2
4913	2
4914	1
4915	2
4916	2
4917	2
4918	2
4919	2
4920	2
4921	2
4922	2
4923	3
4924	1
4925	2
4926	1
4927	1
4928	2
4929	2
4930	2
4931	2
4932	2
4933	2
4934	2
4935	2
4936	2
4937	2
4938	2
4939	2
4940	2
4941	2
4942	2
4943	2
4944	2
4945	1
4946	2
4947	2
4948	2
4949	2
4950	1
4951	2
4952	2
4953	2
4954	2
4955	2
4956	2
4957	2
4958	2
4959	2
4960	2
4961	1
4962	2
4963	2
4964	2
4965	2
4966	2
4967	2
4968	1
4969	1
4970	2
4971	2
4972	2
4973	2
4974	2
4975	2
4976	1
4977	2
4978	2
4979	2
4980	2
4981	1
4982	1
4983	2
4984	1
4985	2
4986	2
4987	2
4988	2
4989	2
4990	2
4991	2
4992	2
4993	2
4994	2
4995	2
4996	2
4997	2
4998	2
4999	2
5000	2
5001	2
5002	2
5003	2
5004	2
5005	2
5006	2
5007	2
5008	2
5009	2
5010	2
5011	2
5012	1
5013	2
5014	2
5015	2
5016	2
5017	2
5018	2
5019	2
5020	2
5021	1
5022	1
5023	2
5024	2
5025	2
5026	2
5027	1
5028	2
5029	2
5030	2
5031	2
5032	2
5033	2
5034	2
5035	1
5036	2
5037	2
5038	2
5039	2
5040	2
5041	2
5042	2
5043	2
5044	1
5045	2
5046	2
5047	2
5048	2
5049	2
5050	1
5051	2
5052	1
5053	1
5054	1
5055	2
5056	2
5057	2
5058	1
