1           3
2           3
3           3
4           3
5           3
6           3
7           3
8           3
9           3
10          3
11          3
12          3
13          3
14          3
15          3
16          3
17          3
18          3
19          3
20          3
21          3
22          3
23          3
24          3
25          3
26          3
27          3
28          3
29          3
30          3
31          3
32          3
33          3
34          3
35          3
36          3
37          3
38          3
39          1
40          1
41          1
42          1
43          1
44          1
45          1
46          1
47          3
48          3
49          1
50          1
51          1
52          1
53          1
54          3
55          3
56          3
57          3
58          3
59          1
60          3
61          1
62          1
63          1
64          1
65          3
66          3
67          1
68          1
69          1
70          3
71          3
72          3
73          1
74          3
75          3
76          3
77          3
78          3
79          3
80          3
81          3
82          3
83          3
84          3
85          3
86          3
87          3
88          3
89          3
90          3
91          1
92          1
93          3
94          1
95          1
96          1
97          1
98          1
99          1
100         1
101         1
102         1
103         1
104         1
105         1
106         1
107         1
108         1
109         1
110         1
111         1
112         1
113         1
114         1
115         1
116         1
117         1
118         1
119         1
120         1
121         1
122         1
123         3
124         3
125         3
126         3
127         3
128         3
129         3
130         3
131         3
132         3
133         3
134         3
135         3
136         3
137         3
138         3
139         1
140         3
141         3
142         3
143         1
144         3
145         3
146         3
147         3
148         3
149         3
150         3
151         3
152         3
153         3
154         3
155         3
156         3
157         3
158         3
159         1
160         3
161         3
162         3
163         3
164         3
165         3
166         3
167         3
168         3
169         3
170         3
171         3
172         3
173         3
174         3
175         3
176         3
177         3
178         3
179         3
180         3
181         3
182         3
183         3
184         3
185         3
186         3
187         3
188         1
189         3
190         3
191         3
192         1
193         1
194         3
195         3
196         3
197         3
198         3
199         3
200         3
201         3
202         1
203         3
204         3
205         3
206         3
207         1
208         3
209         3
210         3
211         3
212         3
213         1
214         3
215         3
216         3
217         3
218         3
219         3
220         3
221         3
222         3
223         3
224         3
225         3
226         3
227         3
228         3
229         3
230         3
231         3
232         3
233         3
234         3
235         3
236         3
237         3
238         3
239         3
240         1
241         1
242         3
243         3
244         3
245         3
246         3
247         3
248         3
249         3
250         3
251         3
252         3
253         1
254         3
255         3
256         3
257         3
258         3
259         3
260         3
261         1
262         3
263         3
264         3
265         3
266         3
267         1
268         3
269         3
270         3
271         3
272         3
273         3
274         3
275         3
276         3
277         3
278         3
279         3
280         3
281         3
282         3
283         3
284         3
285         3
286         3
287         3
288         3
289         3
290         3
291         3
292         3
293         3
294         3
295         3
296         3
297         3
298         3
299         3
300         3
301         3
302         3
303         3
304         3
305         3
306         3
307         3
308         3
309         3
310         3
311         3
312         3
313         3
314         3
315         3
316         3
317         3
318         3
319         3
320         3
321         3
322         3
323         3
324         1
325         3
326         3
327         3
328         3
329         3
330         3
331         1
332         3
333         3
334         3
335         3
336         3
337         3
338         3
339         3
340         3
341         3
342         3
343         3
344         3
345         3
346         3
347         3
348         3
349         3
350         3
351         3
352         3
353         3
354         3
355         3
356         3
357         3
358         3
359         3
360         3
361         3
362         3
363         3
364         1
365         3
366         3
367         3
368         3
369         3
370         3
371         3
372         1
373         3
374         3
375         3
376         3
377         1
378         3
379         3
380         1
381         3
382         3
383         3
384         3
385         3
386         1
387         1
388         3
389         1
390         1
391         3
392         1
393         3
394         1
395         1
396         3
397         3
398         3
399         1
400         1
401         3
402         1
403         3
404         3
405         1
406         1
407         3
408         3
409         3
410         1
411         1
412         1
413         1
414         3
415         1
416         1
417         1
418         1
419         1
420         1
421         1
422         1
423         1
424         1
425         3
426         1
427         1
428         3
429         3
430         3
431         1
432         3
433         1
434         3
435         3
436         3
437         3
438         3
439         3
440         3
441         3
442         3
443         3
444         3
445         3
446         3
447         3
448         3
449         3
450         3
451         1
452         1
453         1
454         1
455         3
456         3
457         3
458         3
459         3
460         3
461         1
462         3
463         3
464         1
465         3
466         1
467         1
468         1
469         1
470         3
471         3
472         3
473         3
474         1
475         1
476         1
477         1
478         1
479         1
480         1
481         1
482         1
483         1
484         1
485         1
486         1
487         1
488         1
489         1
490         1
491         1
492         1
493         1
494         1
495         1
496         1
497         1
498         1
499         1
500         1
501         1
502         1
503         1
504         1
505         1
506         1
507         1
508         1
509         1
510         1
511         1
512         1
513         1
514         1
515         1
516         1
517         1
518         1
519         1
520         3
521         1
522         3
523         1
524         1
525         1
526         3
527         1
528         1
529         1
530         1
531         1
532         1
533         1
534         1
535         1
536         1
537         1
538         1
539         1
540         1
541         1
542         1
543         1
544         1
545         1
546         1
547         1
548         1
549         1
550         1
551         1
552         1
553         1
554         1
555         1
556         1
557         1
558         1
559         1
560         1
561         1
562         1
563         1
564         1
565         1
566         1
567         1
568         1
569         1
570         1
571         1
572         1
573         1
574         1
575         1
576         1
577         1
578         1
579         1
580         1
581         1
582         1
583         1
584         1
585         1
586         1
587         1
588         1
589         1
590         1
591         1
592         1
593         1
594         1
595         1
596         1
597         1
598         1
599         1
600         1
601         1
602         1
603         1
604         1
605         1
606         1
607         1
608         1
609         1
610         1
611         1
612         1
613         3
614         1
615         1
616         1
617         1
618         1
619         1
620         1
621         3
622         1
623         1
624         1
625         1
626         1
627         3
628         1
629         3
630         3
631         3
632         1
633         1
634         1
635         1
636         1
637         3
638         1
639         1
640         1
641         1
642         1
643         1
644         1
645         1
646         1
647         1
648         3
649         1
650         1
651         1
652         1
653         1
654         1
655         1
656         1
657         1
658         1
659         1
660         1
661         1
662         1
663         1
664         1
665         1
666         1
667         1
668         1
669         1
670         1
671         1
672         1
673         1
674         1
675         1
676         1
677         1
678         1
679         1
680         1
681         3
682         1
683         3
684         1
685         1
686         1
687         1
688         1
689         1
690         1
691         1
692         1
693         1
694         1
695         1
696         1
697         1
698         1
699         1
700         1
701         3
702         1
703         1
704         1
705         1
706         1
707         3
708         1
709         3
710         1
711         1
712         1
713         1
714         3
715         1
716         1
717         3
718         1
719         1
720         1
721         1
722         1
723         1
724         1
725         1
726         1
727         1
728         1
729         1
730         1
731         1
732         1
733         1
734         1
735         1
736         1
737         1
738         1
739         1
740         1
741         1
742         1
743         1
744         1
745         1
746         1
747         1
748         1
749         1
750         1
751         1
752         1
753         1
754         1
755         1
756         1
757         1
758         1
759         1
760         1
761         1
762         1
763         1
764         3
765         1
766         1
767         3
768         1
769         1
770         1
771         1
772         1
773         1
774         3
775         1
776         1
777         1
778         1
779         1
780         1
781         1
782         1
783         1
784         1
785         1
786         1
787         1
788         1
789         1
790         1
791         1
792         1
793         1
794         1
795         3
796         1
797         1
798         1
799         1
800         3
801         1
802         1
803         1
804         1
805         1
806         1
807         1
808         3
809         1
810         1
811         1
812         1
813         1
814         1
815         1
816         1
817         1
818         1
819         1
820         1
821         1
822         1
823         1
824         1
825         1
826         1
827         1
828         1
829         1
830         1
831         1
832         1
833         1
834         1
835         1
836         1
837         1
838         1
839         1
840         1
841         1
842         1
843         1
844         1
845         1
846         1
847         1
848         1
849         1
850         1
851         1
852         1
853         1
854         1
855         1
856         1
857         3
858         1
859         1
860         1
861         1
862         1
863         1
864         1
865         1
866         1
867         1
868         1
869         1
870         1
871         1
872         1
873         1
874         1
875         1
876         1
877         1
878         1
879         1
880         1
881         1
882         1
883         3
884         1
885         1
886         1
887         1
888         1
889         1
890         1
891         1
892         1
893         1
894         1
895         1
896         1
897         1
898         1
899         1
900         3
901         3
902         1
903         1
904         1
905         3
906         1
907         1
908         1
909         1
910         1
911         1
912         1
913         1
914         1
915         1
916         1
917         1
918         1
919         1
920         1
921         1
922         1
923         1
924         1
925         1
926         1
927         1
928         1
929         1
930         1
931         1
932         1
933         1
934         1
935         3
936         1
937         1
938         1
939         1
940         1
941         3
942         1
943         1
944         1
945         1
946         3
947         1
948         1
949         1
950         1
951         1
952         1
953         1
954         3
955         1
956         1
957         1
958         1
959         1
960         1
961         1
962         1
963         1
964         1
965         1
966         1
967         1
968         3
969         1
970         1
971         3
972         3
973         3
974         1
975         1
976         1
977         1
978         1
979         1
980         1
981         1
982         1
983         3
984         1
985         1
986         1
987         1
988         1
989         1
990         1
991         1
992         1
993         1
994         1
995         1
996         1
997         1
998         3
999         1
1000        3
1001        3
1002        1
1003        1
1004        1
1005        1
1006        1
1007        1
1008        1
1009        1
1010        1
1011        1
1012        1
1013        1
1014        1
1015        1
1016        1
1017        3
1018        3
1019        1
1020        1
1021        1
1022        1
1023        1
1024        1
1025        1
1026        1
1027        1
1028        1
1029        1
1030        1
1031        1
1032        1
1033        3
1034        1
1035        1
1036        1
1037        1
1038        1
1039        1
1040        1
1041        1
1042        1
1043        1
1044        1
1045        1
1046        1
1047        1
1048        1
1049        1
1050        1
1051        1
1052        1
1053        1
1054        1
1055        3
1056        1
1057        1
1058        1
1059        1
1060        1
1061        1
1062        1
1063        1
1064        1
1065        1
1066        3
1067        3
1068        1
1069        1
1070        3
1071        1
1072        1
1073        3
1074        1
1075        1
1076        1
1077        1
1078        1
1079        1
1080        1
1081        1
1082        1
1083        1
1084        1
1085        1
1086        1
1087        3
1088        1
1089        1
1090        1
1091        1
1092        1
1093        1
1094        1
1095        1
1096        1
1097        1
1098        1
1099        1
1100        1
1101        1
1102        1
1103        1
1104        1
1105        1
1106        1
1107        1
1108        1
1109        1
1110        1
1111        1
1112        1
1113        1
1114        1
1115        1
1116        1
1117        1
1118        1
1119        1
1120        1
1121        1
1122        1
1123        1
1124        1
1125        1
1126        1
1127        1
1128        1
1129        1
1130        1
1131        1
1132        1
1133        3
1134        1
1135        1
1136        1
1137        1
1138        1
1139        3
1140        1
1141        1
1142        1
1143        1
1144        1
1145        1
1146        1
1147        1
1148        1
1149        1
1150        1
1151        1
1152        1
1153        3
1154        1
1155        1
1156        1
1157        1
1158        1
1159        1
1160        1
1161        1
1162        1
1163        1
1164        1
